0
Array of float64
(4, 4)
0.000000000000000000e+00	0.000000000000000000e+00	0.000000000000000000e+00	0.000000000000000000e+00
0.000000000000000000e+00	0.000000000000000000e+00	0.000000000000000000e+00	0.000000000000000000e+00
0.000000000000000000e+00	0.000000000000000000e+00	0.000000000000000000e+00	0.000000000000000000e+00
0.000000000000000000e+00	0.000000000000000000e+00	0.000000000000000000e+00	0.000000000000000000e+00

1
Array of float64
(4, 4)
1.000000000000000000e+00	-3.162277660168379967e-01	nan	nan
-3.162277660168379967e-01	1.000000000000000000e+00	nan	nan
nan	nan	nan	nan
nan	nan	nan	nan

2
Array of float64
(4, 4)
1.000000000000000000e+00	-3.162277660168379967e-01	3.162277660168379967e-01	nan
-3.162277660168379967e-01	1.000000000000000000e+00	-1.000000000000000000e+00	nan
3.162277660168379967e-01	-1.000000000000000000e+00	1.000000000000000000e+00	nan
nan	nan	nan	nan

3
Array of float64
(4, 4)
1.000000000000000000e+00	-3.162277660168379967e-01	3.162277660168379967e-01	-1.000000000000000000e+00
-3.162277660168379967e-01	1.000000000000000000e+00	-1.000000000000000000e+00	3.162277660168379967e-01
3.162277660168379967e-01	-1.000000000000000000e+00	1.000000000000000000e+00	-3.162277660168379967e-01
-1.000000000000000000e+00	3.162277660168379967e-01	-3.162277660168379967e-01	1.000000000000000000e+00

4
Array of float64
(4, 4)
0.000000000000000000e+00	0.000000000000000000e+00	0.000000000000000000e+00	0.000000000000000000e+00
0.000000000000000000e+00	0.000000000000000000e+00	0.000000000000000000e+00	0.000000000000000000e+00
0.000000000000000000e+00	0.000000000000000000e+00	0.000000000000000000e+00	0.000000000000000000e+00
0.000000000000000000e+00	0.000000000000000000e+00	0.000000000000000000e+00	0.000000000000000000e+00

5
Array of float64
(4, 4)
1.000000000000000000e+00	3.162277660168379967e-01	nan	nan
3.162277660168379967e-01	1.000000000000000000e+00	nan	nan
nan	nan	nan	nan
nan	nan	nan	nan

6
Array of float64
(4, 4)
1.000000000000000000e+00	3.162277660168379967e-01	3.162277660168379967e-01	nan
3.162277660168379967e-01	1.000000000000000000e+00	-7.999999999999999334e-01	nan
3.162277660168379967e-01	-7.999999999999999334e-01	1.000000000000000000e+00	nan
nan	nan	nan	nan

7
Array of float64
(4, 4)
1.000000000000000000e+00	3.162277660168379967e-01	3.162277660168379967e-01	-1.000000000000000000e+00
3.162277660168379967e-01	1.000000000000000000e+00	-7.999999999999999334e-01	-3.162277660168379967e-01
3.162277660168379967e-01	-7.999999999999999334e-01	1.000000000000000000e+00	-3.162277660168379967e-01
-1.000000000000000000e+00	-3.162277660168379967e-01	-3.162277660168379967e-01	1.000000000000000000e+00

8
Array of float64
(4, 4)
0.000000000000000000e+00	0.000000000000000000e+00	0.000000000000000000e+00	0.000000000000000000e+00
0.000000000000000000e+00	0.000000000000000000e+00	0.000000000000000000e+00	0.000000000000000000e+00
0.000000000000000000e+00	0.000000000000000000e+00	0.000000000000000000e+00	0.000000000000000000e+00
0.000000000000000000e+00	0.000000000000000000e+00	0.000000000000000000e+00	0.000000000000000000e+00

9
Array of float64
(4, 4)
1.000000000000000000e+00	3.162277660168379967e-01	nan	nan
3.162277660168379967e-01	1.000000000000000000e+00	nan	nan
nan	nan	nan	nan
nan	nan	nan	nan

10
Array of float64
(4, 4)
1.000000000000000000e+00	3.162277660168379967e-01	-3.162277660168379967e-01	nan
3.162277660168379967e-01	1.000000000000000000e+00	-1.000000000000000000e+00	nan
-3.162277660168379967e-01	-1.000000000000000000e+00	1.000000000000000000e+00	nan
nan	nan	nan	nan

11
Array of float64
(4, 4)
1.000000000000000000e+00	3.162277660168379967e-01	-3.162277660168379967e-01	-1.000000000000000000e+00
3.162277660168379967e-01	1.000000000000000000e+00	-1.000000000000000000e+00	-3.162277660168379967e-01
-3.162277660168379967e-01	-1.000000000000000000e+00	1.000000000000000000e+00	3.162277660168379967e-01
-1.000000000000000000e+00	-3.162277660168379967e-01	3.162277660168379967e-01	1.000000000000000000e+00

12
Array of float64
(4, 4)
0.000000000000000000e+00	0.000000000000000000e+00	0.000000000000000000e+00	0.000000000000000000e+00
0.000000000000000000e+00	0.000000000000000000e+00	0.000000000000000000e+00	0.000000000000000000e+00
0.000000000000000000e+00	0.000000000000000000e+00	0.000000000000000000e+00	0.000000000000000000e+00
0.000000000000000000e+00	0.000000000000000000e+00	0.000000000000000000e+00	0.000000000000000000e+00

13
Array of float64
(4, 4)
1.000000000000000000e+00	-3.162277660168379967e-01	nan	nan
-3.162277660168379967e-01	1.000000000000000000e+00	nan	nan
nan	nan	nan	nan
nan	nan	nan	nan

14
Array of float64
(4, 4)
1.000000000000000000e+00	-3.162277660168379967e-01	-3.162277660168379967e-01	nan
-3.162277660168379967e-01	1.000000000000000000e+00	-7.999999999999999334e-01	nan
-3.162277660168379967e-01	-7.999999999999999334e-01	1.000000000000000000e+00	nan
nan	nan	nan	nan

15
Array of float64
(4, 4)
1.000000000000000000e+00	-3.162277660168379967e-01	-3.162277660168379967e-01	-1.000000000000000000e+00
-3.162277660168379967e-01	1.000000000000000000e+00	-7.999999999999999334e-01	3.162277660168379967e-01
-3.162277660168379967e-01	-7.999999999999999334e-01	1.000000000000000000e+00	3.162277660168379967e-01
-1.000000000000000000e+00	3.162277660168379967e-01	3.162277660168379967e-01	1.000000000000000000e+00

16
Array of float64
(4, 4)
0.000000000000000000e+00	0.000000000000000000e+00	0.000000000000000000e+00	0.000000000000000000e+00
0.000000000000000000e+00	0.000000000000000000e+00	0.000000000000000000e+00	0.000000000000000000e+00
0.000000000000000000e+00	0.000000000000000000e+00	0.000000000000000000e+00	0.000000000000000000e+00
0.000000000000000000e+00	0.000000000000000000e+00	0.000000000000000000e+00	0.000000000000000000e+00

17
Array of float64
(4, 4)
1.000000000000000000e+00	-3.162277660168379967e-01	nan	nan
-3.162277660168379967e-01	1.000000000000000000e+00	nan	nan
nan	nan	nan	nan
nan	nan	nan	nan

18
Array of float64
(4, 4)
1.000000000000000000e+00	-3.162277660168379967e-01	3.162277660168379967e-01	nan
-3.162277660168379967e-01	1.000000000000000000e+00	-1.000000000000000000e+00	nan
3.162277660168379967e-01	-1.000000000000000000e+00	1.000000000000000000e+00	nan
nan	nan	nan	nan

19
Array of float64
(4, 4)
1.000000000000000000e+00	-3.162277660168379967e-01	3.162277660168379967e-01	-1.000000000000000000e+00
-3.162277660168379967e-01	1.000000000000000000e+00	-1.000000000000000000e+00	3.162277660168379967e-01
3.162277660168379967e-01	-1.000000000000000000e+00	1.000000000000000000e+00	-3.162277660168379967e-01
-1.000000000000000000e+00	3.162277660168379967e-01	-3.162277660168379967e-01	1.000000000000000000e+00

20
Array of float64
(4, 4)
0.000000000000000000e+00	0.000000000000000000e+00	0.000000000000000000e+00	0.000000000000000000e+00
0.000000000000000000e+00	0.000000000000000000e+00	0.000000000000000000e+00	0.000000000000000000e+00
0.000000000000000000e+00	0.000000000000000000e+00	0.000000000000000000e+00	0.000000000000000000e+00
0.000000000000000000e+00	0.000000000000000000e+00	0.000000000000000000e+00	0.000000000000000000e+00

21
Array of float64
(4, 4)
1.000000000000000000e+00	3.162277660168379967e-01	nan	nan
3.162277660168379967e-01	1.000000000000000000e+00	nan	nan
nan	nan	nan	nan
nan	nan	nan	nan

22
Array of float64
(4, 4)
1.000000000000000000e+00	3.162277660168379967e-01	3.162277660168379967e-01	nan
3.162277660168379967e-01	1.000000000000000000e+00	-7.999999999999999334e-01	nan
3.162277660168379967e-01	-7.999999999999999334e-01	1.000000000000000000e+00	nan
nan	nan	nan	nan

23
Array of float64
(4, 4)
1.000000000000000000e+00	3.162277660168379967e-01	3.162277660168379967e-01	-1.000000000000000000e+00
3.162277660168379967e-01	1.000000000000000000e+00	-7.999999999999999334e-01	-3.162277660168379967e-01
3.162277660168379967e-01	-7.999999999999999334e-01	1.000000000000000000e+00	-3.162277660168379967e-01
-1.000000000000000000e+00	-3.162277660168379967e-01	-3.162277660168379967e-01	1.000000000000000000e+00

24
Array of float64
(4, 4)
0.000000000000000000e+00	0.000000000000000000e+00	0.000000000000000000e+00	0.000000000000000000e+00
0.000000000000000000e+00	0.000000000000000000e+00	0.000000000000000000e+00	0.000000000000000000e+00
0.000000000000000000e+00	0.000000000000000000e+00	0.000000000000000000e+00	0.000000000000000000e+00
0.000000000000000000e+00	0.000000000000000000e+00	0.000000000000000000e+00	0.000000000000000000e+00

25
Array of float64
(4, 4)
1.000000000000000000e+00	-3.162277660168379967e-01	nan	nan
-3.162277660168379967e-01	1.000000000000000000e+00	nan	nan
nan	nan	nan	nan
nan	nan	nan	nan

26
Array of float64
(4, 4)
1.000000000000000000e+00	-3.162277660168379967e-01	-3.162277660168379967e-01	nan
-3.162277660168379967e-01	1.000000000000000000e+00	-7.999999999999999334e-01	nan
-3.162277660168379967e-01	-7.999999999999999334e-01	1.000000000000000000e+00	nan
nan	nan	nan	nan

27
Array of float64
(4, 4)
1.000000000000000000e+00	-3.162277660168379967e-01	-3.162277660168379967e-01	-1.000000000000000000e+00
-3.162277660168379967e-01	1.000000000000000000e+00	-7.999999999999999334e-01	3.162277660168379967e-01
-3.162277660168379967e-01	-7.999999999999999334e-01	1.000000000000000000e+00	3.162277660168379967e-01
-1.000000000000000000e+00	3.162277660168379967e-01	3.162277660168379967e-01	1.000000000000000000e+00

28
Array of float64
(4, 4)
0.000000000000000000e+00	0.000000000000000000e+00	0.000000000000000000e+00	0.000000000000000000e+00
0.000000000000000000e+00	0.000000000000000000e+00	0.000000000000000000e+00	0.000000000000000000e+00
0.000000000000000000e+00	0.000000000000000000e+00	0.000000000000000000e+00	0.000000000000000000e+00
0.000000000000000000e+00	0.000000000000000000e+00	0.000000000000000000e+00	0.000000000000000000e+00

29
Array of float64
(4, 4)
1.000000000000000000e+00	-3.162277660168379967e-01	nan	nan
-3.162277660168379967e-01	1.000000000000000000e+00	nan	nan
nan	nan	nan	nan
nan	nan	nan	nan

30
Array of float64
(4, 4)
1.000000000000000000e+00	-3.162277660168379967e-01	3.162277660168379967e-01	nan
-3.162277660168379967e-01	1.000000000000000000e+00	-1.000000000000000000e+00	nan
3.162277660168379967e-01	-1.000000000000000000e+00	1.000000000000000000e+00	nan
nan	nan	nan	nan

31
Array of float64
(4, 4)
1.000000000000000000e+00	-3.162277660168379967e-01	3.162277660168379967e-01	-1.000000000000000000e+00
-3.162277660168379967e-01	1.000000000000000000e+00	-1.000000000000000000e+00	3.162277660168379967e-01
3.162277660168379967e-01	-1.000000000000000000e+00	1.000000000000000000e+00	-3.162277660168379967e-01
-1.000000000000000000e+00	3.162277660168379967e-01	-3.162277660168379967e-01	1.000000000000000000e+00

32
Array of float64
(4, 4)
0.000000000000000000e+00	0.000000000000000000e+00	0.000000000000000000e+00	0.000000000000000000e+00
0.000000000000000000e+00	0.000000000000000000e+00	0.000000000000000000e+00	0.000000000000000000e+00
0.000000000000000000e+00	0.000000000000000000e+00	0.000000000000000000e+00	0.000000000000000000e+00
0.000000000000000000e+00	0.000000000000000000e+00	0.000000000000000000e+00	0.000000000000000000e+00

33
Array of float64
(4, 4)
1.000000000000000000e+00	3.162277660168379967e-01	nan	nan
3.162277660168379967e-01	1.000000000000000000e+00	nan	nan
nan	nan	nan	nan
nan	nan	nan	nan

34
Array of float64
(4, 4)
1.000000000000000000e+00	3.162277660168379967e-01	3.162277660168379967e-01	nan
3.162277660168379967e-01	1.000000000000000000e+00	-7.999999999999999334e-01	nan
3.162277660168379967e-01	-7.999999999999999334e-01	1.000000000000000000e+00	nan
nan	nan	nan	nan

35
Array of float64
(4, 4)
1.000000000000000000e+00	3.162277660168379967e-01	3.162277660168379967e-01	-1.000000000000000000e+00
3.162277660168379967e-01	1.000000000000000000e+00	-7.999999999999999334e-01	-3.162277660168379967e-01
3.162277660168379967e-01	-7.999999999999999334e-01	1.000000000000000000e+00	-3.162277660168379967e-01
-1.000000000000000000e+00	-3.162277660168379967e-01	-3.162277660168379967e-01	1.000000000000000000e+00

36
Array of float64
(4, 4)
0.000000000000000000e+00	0.000000000000000000e+00	0.000000000000000000e+00	0.000000000000000000e+00
0.000000000000000000e+00	0.000000000000000000e+00	0.000000000000000000e+00	0.000000000000000000e+00
0.000000000000000000e+00	0.000000000000000000e+00	0.000000000000000000e+00	0.000000000000000000e+00
0.000000000000000000e+00	0.000000000000000000e+00	0.000000000000000000e+00	0.000000000000000000e+00

37
Array of float64
(4, 4)
1.000000000000000000e+00	3.162277660168379967e-01	nan	nan
3.162277660168379967e-01	1.000000000000000000e+00	nan	nan
nan	nan	nan	nan
nan	nan	nan	nan

38
Array of float64
(4, 4)
1.000000000000000000e+00	3.162277660168379967e-01	-3.162277660168379967e-01	nan
3.162277660168379967e-01	1.000000000000000000e+00	-1.000000000000000000e+00	nan
-3.162277660168379967e-01	-1.000000000000000000e+00	1.000000000000000000e+00	nan
nan	nan	nan	nan

39
Array of float64
(4, 4)
1.000000000000000000e+00	3.162277660168379967e-01	-3.162277660168379967e-01	-1.000000000000000000e+00
3.162277660168379967e-01	1.000000000000000000e+00	-1.000000000000000000e+00	-3.162277660168379967e-01
-3.162277660168379967e-01	-1.000000000000000000e+00	1.000000000000000000e+00	3.162277660168379967e-01
-1.000000000000000000e+00	-3.162277660168379967e-01	3.162277660168379967e-01	1.000000000000000000e+00

40
Array of float64
(4, 4)
0.000000000000000000e+00	0.000000000000000000e+00	0.000000000000000000e+00	0.000000000000000000e+00
0.000000000000000000e+00	0.000000000000000000e+00	0.000000000000000000e+00	0.000000000000000000e+00
0.000000000000000000e+00	0.000000000000000000e+00	0.000000000000000000e+00	0.000000000000000000e+00
0.000000000000000000e+00	0.000000000000000000e+00	0.000000000000000000e+00	0.000000000000000000e+00

41
Array of float64
(4, 4)
1.000000000000000000e+00	-3.162277660168379967e-01	nan	nan
-3.162277660168379967e-01	1.000000000000000000e+00	nan	nan
nan	nan	nan	nan
nan	nan	nan	nan

42
Array of float64
(4, 4)
1.000000000000000000e+00	-3.162277660168379967e-01	-3.162277660168379967e-01	nan
-3.162277660168379967e-01	1.000000000000000000e+00	-7.999999999999999334e-01	nan
-3.162277660168379967e-01	-7.999999999999999334e-01	1.000000000000000000e+00	nan
nan	nan	nan	nan

43
Array of float64
(4, 4)
1.000000000000000000e+00	-3.162277660168379967e-01	-3.162277660168379967e-01	-1.000000000000000000e+00
-3.162277660168379967e-01	1.000000000000000000e+00	-7.999999999999999334e-01	3.162277660168379967e-01
-3.162277660168379967e-01	-7.999999999999999334e-01	1.000000000000000000e+00	3.162277660168379967e-01
-1.000000000000000000e+00	3.162277660168379967e-01	3.162277660168379967e-01	1.000000000000000000e+00

44
Array of float64
(4, 4)
0.000000000000000000e+00	0.000000000000000000e+00	0.000000000000000000e+00	0.000000000000000000e+00
0.000000000000000000e+00	0.000000000000000000e+00	0.000000000000000000e+00	0.000000000000000000e+00
0.000000000000000000e+00	0.000000000000000000e+00	0.000000000000000000e+00	0.000000000000000000e+00
0.000000000000000000e+00	0.000000000000000000e+00	0.000000000000000000e+00	0.000000000000000000e+00

45
Array of float64
(4, 4)
1.000000000000000000e+00	3.162277660168379967e-01	nan	nan
3.162277660168379967e-01	1.000000000000000000e+00	nan	nan
nan	nan	nan	nan
nan	nan	nan	nan

46
Array of float64
(4, 4)
1.000000000000000000e+00	3.162277660168379967e-01	-3.162277660168379967e-01	nan
3.162277660168379967e-01	1.000000000000000000e+00	-1.000000000000000000e+00	nan
-3.162277660168379967e-01	-1.000000000000000000e+00	1.000000000000000000e+00	nan
nan	nan	nan	nan

47
Array of float64
(4, 4)
1.000000000000000000e+00	3.162277660168379967e-01	-3.162277660168379967e-01	-1.000000000000000000e+00
3.162277660168379967e-01	1.000000000000000000e+00	-1.000000000000000000e+00	-3.162277660168379967e-01
-3.162277660168379967e-01	-1.000000000000000000e+00	1.000000000000000000e+00	3.162277660168379967e-01
-1.000000000000000000e+00	-3.162277660168379967e-01	3.162277660168379967e-01	1.000000000000000000e+00

48
Array of float64
(4, 4)
0.000000000000000000e+00	0.000000000000000000e+00	0.000000000000000000e+00	0.000000000000000000e+00
0.000000000000000000e+00	0.000000000000000000e+00	0.000000000000000000e+00	0.000000000000000000e+00
0.000000000000000000e+00	0.000000000000000000e+00	0.000000000000000000e+00	0.000000000000000000e+00
0.000000000000000000e+00	0.000000000000000000e+00	0.000000000000000000e+00	0.000000000000000000e+00

49
Array of float64
(4, 4)
1.000000000000000000e+00	-3.162277660168379967e-01	nan	nan
-3.162277660168379967e-01	1.000000000000000000e+00	nan	nan
nan	nan	nan	nan
nan	nan	nan	nan

50
Array of float64
(4, 4)
1.000000000000000000e+00	-3.162277660168379967e-01	-3.162277660168379967e-01	nan
-3.162277660168379967e-01	1.000000000000000000e+00	-7.999999999999999334e-01	nan
-3.162277660168379967e-01	-7.999999999999999334e-01	1.000000000000000000e+00	nan
nan	nan	nan	nan

51
Array of float64
(4, 4)
1.000000000000000000e+00	-3.162277660168379967e-01	-3.162277660168379967e-01	-1.000000000000000000e+00
-3.162277660168379967e-01	1.000000000000000000e+00	-7.999999999999999334e-01	3.162277660168379967e-01
-3.162277660168379967e-01	-7.999999999999999334e-01	1.000000000000000000e+00	3.162277660168379967e-01
-1.000000000000000000e+00	3.162277660168379967e-01	3.162277660168379967e-01	1.000000000000000000e+00

52
Array of float64
(4, 4)
0.000000000000000000e+00	0.000000000000000000e+00	0.000000000000000000e+00	0.000000000000000000e+00
0.000000000000000000e+00	0.000000000000000000e+00	0.000000000000000000e+00	0.000000000000000000e+00
0.000000000000000000e+00	0.000000000000000000e+00	0.000000000000000000e+00	0.000000000000000000e+00
0.000000000000000000e+00	0.000000000000000000e+00	0.000000000000000000e+00	0.000000000000000000e+00

53
Array of float64
(4, 4)
1.000000000000000000e+00	-3.162277660168379967e-01	nan	nan
-3.162277660168379967e-01	1.000000000000000000e+00	nan	nan
nan	nan	nan	nan
nan	nan	nan	nan

54
Array of float64
(4, 4)
1.000000000000000000e+00	-3.162277660168379967e-01	3.162277660168379967e-01	nan
-3.162277660168379967e-01	1.000000000000000000e+00	-1.000000000000000000e+00	nan
3.162277660168379967e-01	-1.000000000000000000e+00	1.000000000000000000e+00	nan
nan	nan	nan	nan

55
Array of float64
(4, 4)
1.000000000000000000e+00	-3.162277660168379967e-01	3.162277660168379967e-01	-1.000000000000000000e+00
-3.162277660168379967e-01	1.000000000000000000e+00	-1.000000000000000000e+00	3.162277660168379967e-01
3.162277660168379967e-01	-1.000000000000000000e+00	1.000000000000000000e+00	-3.162277660168379967e-01
-1.000000000000000000e+00	3.162277660168379967e-01	-3.162277660168379967e-01	1.000000000000000000e+00

56
Array of float64
(4, 4)
0.000000000000000000e+00	0.000000000000000000e+00	0.000000000000000000e+00	0.000000000000000000e+00
0.000000000000000000e+00	0.000000000000000000e+00	0.000000000000000000e+00	0.000000000000000000e+00
0.000000000000000000e+00	0.000000000000000000e+00	0.000000000000000000e+00	0.000000000000000000e+00
0.000000000000000000e+00	0.000000000000000000e+00	0.000000000000000000e+00	0.000000000000000000e+00

57
Array of float64
(4, 4)
1.000000000000000000e+00	-3.162277660168379967e-01	nan	nan
-3.162277660168379967e-01	1.000000000000000000e+00	nan	nan
nan	nan	nan	nan
nan	nan	nan	nan

58
Array of float64
(4, 4)
1.000000000000000000e+00	-3.162277660168379967e-01	-3.162277660168379967e-01	nan
-3.162277660168379967e-01	1.000000000000000000e+00	-7.999999999999999334e-01	nan
-3.162277660168379967e-01	-7.999999999999999334e-01	1.000000000000000000e+00	nan
nan	nan	nan	nan

59
Array of float64
(4, 4)
1.000000000000000000e+00	-3.162277660168379967e-01	-3.162277660168379967e-01	-1.000000000000000000e+00
-3.162277660168379967e-01	1.000000000000000000e+00	-7.999999999999999334e-01	3.162277660168379967e-01
-3.162277660168379967e-01	-7.999999999999999334e-01	1.000000000000000000e+00	3.162277660168379967e-01
-1.000000000000000000e+00	3.162277660168379967e-01	3.162277660168379967e-01	1.000000000000000000e+00

60
Array of float64
(4, 4)
0.000000000000000000e+00	0.000000000000000000e+00	0.000000000000000000e+00	0.000000000000000000e+00
0.000000000000000000e+00	0.000000000000000000e+00	0.000000000000000000e+00	0.000000000000000000e+00
0.000000000000000000e+00	0.000000000000000000e+00	0.000000000000000000e+00	0.000000000000000000e+00
0.000000000000000000e+00	0.000000000000000000e+00	0.000000000000000000e+00	0.000000000000000000e+00

61
Array of float64
(4, 4)
1.000000000000000000e+00	-3.162277660168379967e-01	nan	nan
-3.162277660168379967e-01	1.000000000000000000e+00	nan	nan
nan	nan	nan	nan
nan	nan	nan	nan

62
Array of float64
(4, 4)
1.000000000000000000e+00	-3.162277660168379967e-01	3.162277660168379967e-01	nan
-3.162277660168379967e-01	1.000000000000000000e+00	-1.000000000000000000e+00	nan
3.162277660168379967e-01	-1.000000000000000000e+00	1.000000000000000000e+00	nan
nan	nan	nan	nan

63
Array of float64
(4, 4)
1.000000000000000000e+00	-3.162277660168379967e-01	3.162277660168379967e-01	-1.000000000000000000e+00
-3.162277660168379967e-01	1.000000000000000000e+00	-1.000000000000000000e+00	3.162277660168379967e-01
3.162277660168379967e-01	-1.000000000000000000e+00	1.000000000000000000e+00	-3.162277660168379967e-01
-1.000000000000000000e+00	3.162277660168379967e-01	-3.162277660168379967e-01	1.000000000000000000e+00

64
Array of float64
(4, 4)
0.000000000000000000e+00	0.000000000000000000e+00	0.000000000000000000e+00	0.000000000000000000e+00
0.000000000000000000e+00	0.000000000000000000e+00	0.000000000000000000e+00	0.000000000000000000e+00
0.000000000000000000e+00	0.000000000000000000e+00	0.000000000000000000e+00	0.000000000000000000e+00
0.000000000000000000e+00	0.000000000000000000e+00	0.000000000000000000e+00	0.000000000000000000e+00

65
Array of float64
(4, 4)
1.000000000000000000e+00	-3.162277660168379967e-01	nan	nan
-3.162277660168379967e-01	1.000000000000000000e+00	nan	nan
nan	nan	nan	nan
nan	nan	nan	nan

66
Array of float64
(4, 4)
1.000000000000000000e+00	-3.162277660168379967e-01	3.162277660168379967e-01	nan
-3.162277660168379967e-01	1.000000000000000000e+00	-1.000000000000000000e+00	nan
3.162277660168379967e-01	-1.000000000000000000e+00	1.000000000000000000e+00	nan
nan	nan	nan	nan

67
Array of float64
(4, 4)
1.000000000000000000e+00	-3.162277660168379967e-01	3.162277660168379967e-01	-1.000000000000000000e+00
-3.162277660168379967e-01	1.000000000000000000e+00	-1.000000000000000000e+00	3.162277660168379967e-01
3.162277660168379967e-01	-1.000000000000000000e+00	1.000000000000000000e+00	-3.162277660168379967e-01
-1.000000000000000000e+00	3.162277660168379967e-01	-3.162277660168379967e-01	1.000000000000000000e+00

68
Array of float64
(4, 4)
0.000000000000000000e+00	0.000000000000000000e+00	0.000000000000000000e+00	0.000000000000000000e+00
0.000000000000000000e+00	0.000000000000000000e+00	0.000000000000000000e+00	0.000000000000000000e+00
0.000000000000000000e+00	0.000000000000000000e+00	0.000000000000000000e+00	0.000000000000000000e+00
0.000000000000000000e+00	0.000000000000000000e+00	0.000000000000000000e+00	0.000000000000000000e+00

69
Array of float64
(4, 4)
1.000000000000000000e+00	3.162277660168379967e-01	nan	nan
3.162277660168379967e-01	1.000000000000000000e+00	nan	nan
nan	nan	nan	nan
nan	nan	nan	nan

70
Array of float64
(4, 4)
1.000000000000000000e+00	3.162277660168379967e-01	3.162277660168379967e-01	nan
3.162277660168379967e-01	1.000000000000000000e+00	-7.999999999999999334e-01	nan
3.162277660168379967e-01	-7.999999999999999334e-01	1.000000000000000000e+00	nan
nan	nan	nan	nan

71
Array of float64
(4, 4)
1.000000000000000000e+00	3.162277660168379967e-01	3.162277660168379967e-01	-1.000000000000000000e+00
3.162277660168379967e-01	1.000000000000000000e+00	-7.999999999999999334e-01	-3.162277660168379967e-01
3.162277660168379967e-01	-7.999999999999999334e-01	1.000000000000000000e+00	-3.162277660168379967e-01
-1.000000000000000000e+00	-3.162277660168379967e-01	-3.162277660168379967e-01	1.000000000000000000e+00

72
Array of float64
(4, 4)
0.000000000000000000e+00	0.000000000000000000e+00	0.000000000000000000e+00	0.000000000000000000e+00
0.000000000000000000e+00	0.000000000000000000e+00	0.000000000000000000e+00	0.000000000000000000e+00
0.000000000000000000e+00	0.000000000000000000e+00	0.000000000000000000e+00	0.000000000000000000e+00
0.000000000000000000e+00	0.000000000000000000e+00	0.000000000000000000e+00	0.000000000000000000e+00

73
Array of float64
(4, 4)
1.000000000000000000e+00	-3.162277660168379967e-01	nan	nan
-3.162277660168379967e-01	1.000000000000000000e+00	nan	nan
nan	nan	nan	nan
nan	nan	nan	nan

74
Array of float64
(4, 4)
1.000000000000000000e+00	-3.162277660168379967e-01	-3.162277660168379967e-01	nan
-3.162277660168379967e-01	1.000000000000000000e+00	-7.999999999999999334e-01	nan
-3.162277660168379967e-01	-7.999999999999999334e-01	1.000000000000000000e+00	nan
nan	nan	nan	nan

75
Array of float64
(4, 4)
1.000000000000000000e+00	-3.162277660168379967e-01	-3.162277660168379967e-01	-1.000000000000000000e+00
-3.162277660168379967e-01	1.000000000000000000e+00	-7.999999999999999334e-01	3.162277660168379967e-01
-3.162277660168379967e-01	-7.999999999999999334e-01	1.000000000000000000e+00	3.162277660168379967e-01
-1.000000000000000000e+00	3.162277660168379967e-01	3.162277660168379967e-01	1.000000000000000000e+00

76
Array of float64
(4, 4)
0.000000000000000000e+00	0.000000000000000000e+00	0.000000000000000000e+00	0.000000000000000000e+00
0.000000000000000000e+00	0.000000000000000000e+00	0.000000000000000000e+00	0.000000000000000000e+00
0.000000000000000000e+00	0.000000000000000000e+00	0.000000000000000000e+00	0.000000000000000000e+00
0.000000000000000000e+00	0.000000000000000000e+00	0.000000000000000000e+00	0.000000000000000000e+00

77
Array of float64
(4, 4)
1.000000000000000000e+00	3.162277660168379967e-01	nan	nan
3.162277660168379967e-01	1.000000000000000000e+00	nan	nan
nan	nan	nan	nan
nan	nan	nan	nan

78
Array of float64
(4, 4)
1.000000000000000000e+00	3.162277660168379967e-01	3.162277660168379967e-01	nan
3.162277660168379967e-01	1.000000000000000000e+00	-7.999999999999999334e-01	nan
3.162277660168379967e-01	-7.999999999999999334e-01	1.000000000000000000e+00	nan
nan	nan	nan	nan

79
Array of float64
(4, 4)
1.000000000000000000e+00	3.162277660168379967e-01	3.162277660168379967e-01	-1.000000000000000000e+00
3.162277660168379967e-01	1.000000000000000000e+00	-7.999999999999999334e-01	-3.162277660168379967e-01
3.162277660168379967e-01	-7.999999999999999334e-01	1.000000000000000000e+00	-3.162277660168379967e-01
-1.000000000000000000e+00	-3.162277660168379967e-01	-3.162277660168379967e-01	1.000000000000000000e+00

80
Array of float64
(4, 4)
0.000000000000000000e+00	0.000000000000000000e+00	0.000000000000000000e+00	0.000000000000000000e+00
0.000000000000000000e+00	0.000000000000000000e+00	0.000000000000000000e+00	0.000000000000000000e+00
0.000000000000000000e+00	0.000000000000000000e+00	0.000000000000000000e+00	0.000000000000000000e+00
0.000000000000000000e+00	0.000000000000000000e+00	0.000000000000000000e+00	0.000000000000000000e+00

81
Array of float64
(4, 4)
1.000000000000000000e+00	-3.162277660168379967e-01	nan	nan
-3.162277660168379967e-01	1.000000000000000000e+00	nan	nan
nan	nan	nan	nan
nan	nan	nan	nan

82
Array of float64
(4, 4)
1.000000000000000000e+00	-3.162277660168379967e-01	-3.162277660168379967e-01	nan
-3.162277660168379967e-01	1.000000000000000000e+00	-7.999999999999999334e-01	nan
-3.162277660168379967e-01	-7.999999999999999334e-01	1.000000000000000000e+00	nan
nan	nan	nan	nan

83
Array of float64
(4, 4)
1.000000000000000000e+00	-3.162277660168379967e-01	-3.162277660168379967e-01	-1.000000000000000000e+00
-3.162277660168379967e-01	1.000000000000000000e+00	-7.999999999999999334e-01	3.162277660168379967e-01
-3.162277660168379967e-01	-7.999999999999999334e-01	1.000000000000000000e+00	3.162277660168379967e-01
-1.000000000000000000e+00	3.162277660168379967e-01	3.162277660168379967e-01	1.000000000000000000e+00

84
Array of float64
(4, 4)
0.000000000000000000e+00	0.000000000000000000e+00	0.000000000000000000e+00	0.000000000000000000e+00
0.000000000000000000e+00	0.000000000000000000e+00	0.000000000000000000e+00	0.000000000000000000e+00
0.000000000000000000e+00	0.000000000000000000e+00	0.000000000000000000e+00	0.000000000000000000e+00
0.000000000000000000e+00	0.000000000000000000e+00	0.000000000000000000e+00	0.000000000000000000e+00

85
Array of float64
(4, 4)
1.000000000000000000e+00	-3.162277660168379967e-01	nan	nan
-3.162277660168379967e-01	1.000000000000000000e+00	nan	nan
nan	nan	nan	nan
nan	nan	nan	nan

86
Array of float64
(4, 4)
1.000000000000000000e+00	-3.162277660168379967e-01	-3.162277660168379967e-01	nan
-3.162277660168379967e-01	1.000000000000000000e+00	-7.999999999999999334e-01	nan
-3.162277660168379967e-01	-7.999999999999999334e-01	1.000000000000000000e+00	nan
nan	nan	nan	nan

87
Array of float64
(4, 4)
1.000000000000000000e+00	-3.162277660168379967e-01	-3.162277660168379967e-01	-1.000000000000000000e+00
-3.162277660168379967e-01	1.000000000000000000e+00	-7.999999999999999334e-01	3.162277660168379967e-01
-3.162277660168379967e-01	-7.999999999999999334e-01	1.000000000000000000e+00	3.162277660168379967e-01
-1.000000000000000000e+00	3.162277660168379967e-01	3.162277660168379967e-01	1.000000000000000000e+00

88
Array of float64
(4, 4)
0.000000000000000000e+00	0.000000000000000000e+00	0.000000000000000000e+00	0.000000000000000000e+00
0.000000000000000000e+00	0.000000000000000000e+00	0.000000000000000000e+00	0.000000000000000000e+00
0.000000000000000000e+00	0.000000000000000000e+00	0.000000000000000000e+00	0.000000000000000000e+00
0.000000000000000000e+00	0.000000000000000000e+00	0.000000000000000000e+00	0.000000000000000000e+00

89
Array of float64
(4, 4)
1.000000000000000000e+00	3.162277660168379967e-01	nan	nan
3.162277660168379967e-01	1.000000000000000000e+00	nan	nan
nan	nan	nan	nan
nan	nan	nan	nan

90
Array of float64
(4, 4)
1.000000000000000000e+00	3.162277660168379967e-01	-3.162277660168379967e-01	nan
3.162277660168379967e-01	1.000000000000000000e+00	-1.000000000000000000e+00	nan
-3.162277660168379967e-01	-1.000000000000000000e+00	1.000000000000000000e+00	nan
nan	nan	nan	nan

91
Array of float64
(4, 4)
1.000000000000000000e+00	3.162277660168379967e-01	-3.162277660168379967e-01	-1.000000000000000000e+00
3.162277660168379967e-01	1.000000000000000000e+00	-1.000000000000000000e+00	-3.162277660168379967e-01
-3.162277660168379967e-01	-1.000000000000000000e+00	1.000000000000000000e+00	3.162277660168379967e-01
-1.000000000000000000e+00	-3.162277660168379967e-01	3.162277660168379967e-01	1.000000000000000000e+00

92
Array of float64
(4, 4)
0.000000000000000000e+00	0.000000000000000000e+00	0.000000000000000000e+00	0.000000000000000000e+00
0.000000000000000000e+00	0.000000000000000000e+00	0.000000000000000000e+00	0.000000000000000000e+00
0.000000000000000000e+00	0.000000000000000000e+00	0.000000000000000000e+00	0.000000000000000000e+00
0.000000000000000000e+00	0.000000000000000000e+00	0.000000000000000000e+00	0.000000000000000000e+00

93
Array of float64
(4, 4)
1.000000000000000000e+00	-3.162277660168379967e-01	nan	nan
-3.162277660168379967e-01	1.000000000000000000e+00	nan	nan
nan	nan	nan	nan
nan	nan	nan	nan

94
Array of float64
(4, 4)
1.000000000000000000e+00	-3.162277660168379967e-01	-3.162277660168379967e-01	nan
-3.162277660168379967e-01	1.000000000000000000e+00	-7.999999999999999334e-01	nan
-3.162277660168379967e-01	-7.999999999999999334e-01	1.000000000000000000e+00	nan
nan	nan	nan	nan

95
Array of float64
(4, 4)
1.000000000000000000e+00	-3.162277660168379967e-01	-3.162277660168379967e-01	-1.000000000000000000e+00
-3.162277660168379967e-01	1.000000000000000000e+00	-7.999999999999999334e-01	3.162277660168379967e-01
-3.162277660168379967e-01	-7.999999999999999334e-01	1.000000000000000000e+00	3.162277660168379967e-01
-1.000000000000000000e+00	3.162277660168379967e-01	3.162277660168379967e-01	1.000000000000000000e+00

96
Array of float64
(4, 4)
0.000000000000000000e+00	0.000000000000000000e+00	0.000000000000000000e+00	0.000000000000000000e+00
0.000000000000000000e+00	0.000000000000000000e+00	0.000000000000000000e+00	0.000000000000000000e+00
0.000000000000000000e+00	0.000000000000000000e+00	0.000000000000000000e+00	0.000000000000000000e+00
0.000000000000000000e+00	0.000000000000000000e+00	0.000000000000000000e+00	0.000000000000000000e+00

97
Array of float64
(4, 4)
1.000000000000000000e+00	-3.162277660168379967e-01	nan	nan
-3.162277660168379967e-01	1.000000000000000000e+00	nan	nan
nan	nan	nan	nan
nan	nan	nan	nan

98
Array of float64
(4, 4)
1.000000000000000000e+00	-3.162277660168379967e-01	-3.162277660168379967e-01	nan
-3.162277660168379967e-01	1.000000000000000000e+00	-7.999999999999999334e-01	nan
-3.162277660168379967e-01	-7.999999999999999334e-01	1.000000000000000000e+00	nan
nan	nan	nan	nan

99
Array of float64
(4, 4)
1.000000000000000000e+00	-3.162277660168379967e-01	-3.162277660168379967e-01	-1.000000000000000000e+00
-3.162277660168379967e-01	1.000000000000000000e+00	-7.999999999999999334e-01	3.162277660168379967e-01
-3.162277660168379967e-01	-7.999999999999999334e-01	1.000000000000000000e+00	3.162277660168379967e-01
-1.000000000000000000e+00	3.162277660168379967e-01	3.162277660168379967e-01	1.000000000000000000e+00

100
Array of float64
(4, 4)
0.000000000000000000e+00	0.000000000000000000e+00	0.000000000000000000e+00	0.000000000000000000e+00
0.000000000000000000e+00	0.000000000000000000e+00	0.000000000000000000e+00	0.000000000000000000e+00
0.000000000000000000e+00	0.000000000000000000e+00	0.000000000000000000e+00	0.000000000000000000e+00
0.000000000000000000e+00	0.000000000000000000e+00	0.000000000000000000e+00	0.000000000000000000e+00

101
Array of float64
(4, 4)
1.000000000000000000e+00	3.162277660168379967e-01	nan	nan
3.162277660168379967e-01	1.000000000000000000e+00	nan	nan
nan	nan	nan	nan
nan	nan	nan	nan

102
Array of float64
(4, 4)
1.000000000000000000e+00	3.162277660168379967e-01	3.162277660168379967e-01	nan
3.162277660168379967e-01	1.000000000000000000e+00	-7.999999999999999334e-01	nan
3.162277660168379967e-01	-7.999999999999999334e-01	1.000000000000000000e+00	nan
nan	nan	nan	nan

103
Array of float64
(4, 4)
1.000000000000000000e+00	3.162277660168379967e-01	3.162277660168379967e-01	-1.000000000000000000e+00
3.162277660168379967e-01	1.000000000000000000e+00	-7.999999999999999334e-01	-3.162277660168379967e-01
3.162277660168379967e-01	-7.999999999999999334e-01	1.000000000000000000e+00	-3.162277660168379967e-01
-1.000000000000000000e+00	-3.162277660168379967e-01	-3.162277660168379967e-01	1.000000000000000000e+00

104
Array of float64
(4, 4)
0.000000000000000000e+00	0.000000000000000000e+00	0.000000000000000000e+00	0.000000000000000000e+00
0.000000000000000000e+00	0.000000000000000000e+00	0.000000000000000000e+00	0.000000000000000000e+00
0.000000000000000000e+00	0.000000000000000000e+00	0.000000000000000000e+00	0.000000000000000000e+00
0.000000000000000000e+00	0.000000000000000000e+00	0.000000000000000000e+00	0.000000000000000000e+00

105
Array of float64
(4, 4)
1.000000000000000000e+00	3.162277660168379967e-01	nan	nan
3.162277660168379967e-01	1.000000000000000000e+00	nan	nan
nan	nan	nan	nan
nan	nan	nan	nan

106
Array of float64
(4, 4)
1.000000000000000000e+00	3.162277660168379967e-01	3.162277660168379967e-01	nan
3.162277660168379967e-01	1.000000000000000000e+00	-7.999999999999999334e-01	nan
3.162277660168379967e-01	-7.999999999999999334e-01	1.000000000000000000e+00	nan
nan	nan	nan	nan

107
Array of float64
(4, 4)
1.000000000000000000e+00	3.162277660168379967e-01	3.162277660168379967e-01	-1.000000000000000000e+00
3.162277660168379967e-01	1.000000000000000000e+00	-7.999999999999999334e-01	-3.162277660168379967e-01
3.162277660168379967e-01	-7.999999999999999334e-01	1.000000000000000000e+00	-3.162277660168379967e-01
-1.000000000000000000e+00	-3.162277660168379967e-01	-3.162277660168379967e-01	1.000000000000000000e+00

108
Array of float64
(4, 4)
0.000000000000000000e+00	0.000000000000000000e+00	0.000000000000000000e+00	0.000000000000000000e+00
0.000000000000000000e+00	0.000000000000000000e+00	0.000000000000000000e+00	0.000000000000000000e+00
0.000000000000000000e+00	0.000000000000000000e+00	0.000000000000000000e+00	0.000000000000000000e+00
0.000000000000000000e+00	0.000000000000000000e+00	0.000000000000000000e+00	0.000000000000000000e+00

109
Array of float64
(4, 4)
1.000000000000000000e+00	3.162277660168379967e-01	nan	nan
3.162277660168379967e-01	1.000000000000000000e+00	nan	nan
nan	nan	nan	nan
nan	nan	nan	nan

110
Array of float64
(4, 4)
1.000000000000000000e+00	3.162277660168379967e-01	3.162277660168379967e-01	nan
3.162277660168379967e-01	1.000000000000000000e+00	-7.999999999999999334e-01	nan
3.162277660168379967e-01	-7.999999999999999334e-01	1.000000000000000000e+00	nan
nan	nan	nan	nan

111
Array of float64
(4, 4)
1.000000000000000000e+00	3.162277660168379967e-01	3.162277660168379967e-01	-1.000000000000000000e+00
3.162277660168379967e-01	1.000000000000000000e+00	-7.999999999999999334e-01	-3.162277660168379967e-01
3.162277660168379967e-01	-7.999999999999999334e-01	1.000000000000000000e+00	-3.162277660168379967e-01
-1.000000000000000000e+00	-3.162277660168379967e-01	-3.162277660168379967e-01	1.000000000000000000e+00

112
Array of float64
(4, 4)
0.000000000000000000e+00	0.000000000000000000e+00	0.000000000000000000e+00	0.000000000000000000e+00
0.000000000000000000e+00	0.000000000000000000e+00	0.000000000000000000e+00	0.000000000000000000e+00
0.000000000000000000e+00	0.000000000000000000e+00	0.000000000000000000e+00	0.000000000000000000e+00
0.000000000000000000e+00	0.000000000000000000e+00	0.000000000000000000e+00	0.000000000000000000e+00

113
Array of float64
(4, 4)
1.000000000000000000e+00	-3.162277660168379967e-01	nan	nan
-3.162277660168379967e-01	1.000000000000000000e+00	nan	nan
nan	nan	nan	nan
nan	nan	nan	nan

114
Array of float64
(4, 4)
1.000000000000000000e+00	-3.162277660168379967e-01	3.162277660168379967e-01	nan
-3.162277660168379967e-01	1.000000000000000000e+00	-1.000000000000000000e+00	nan
3.162277660168379967e-01	-1.000000000000000000e+00	1.000000000000000000e+00	nan
nan	nan	nan	nan

115
Array of float64
(4, 4)
1.000000000000000000e+00	-3.162277660168379967e-01	3.162277660168379967e-01	-1.000000000000000000e+00
-3.162277660168379967e-01	1.000000000000000000e+00	-1.000000000000000000e+00	3.162277660168379967e-01
3.162277660168379967e-01	-1.000000000000000000e+00	1.000000000000000000e+00	-3.162277660168379967e-01
-1.000000000000000000e+00	3.162277660168379967e-01	-3.162277660168379967e-01	1.000000000000000000e+00

116
Array of float64
(4, 4)
0.000000000000000000e+00	0.000000000000000000e+00	0.000000000000000000e+00	0.000000000000000000e+00
0.000000000000000000e+00	0.000000000000000000e+00	0.000000000000000000e+00	0.000000000000000000e+00
0.000000000000000000e+00	0.000000000000000000e+00	0.000000000000000000e+00	0.000000000000000000e+00
0.000000000000000000e+00	0.000000000000000000e+00	0.000000000000000000e+00	0.000000000000000000e+00

117
Array of float64
(4, 4)
1.000000000000000000e+00	3.162277660168379967e-01	nan	nan
3.162277660168379967e-01	1.000000000000000000e+00	nan	nan
nan	nan	nan	nan
