rhoiGimpR=0.8823728844110653, piGimpR=7.477950102479395e-34
rhoZ=0.87243571308387794, pZ=7.9951284970269271e-34
rhoVnew=0.8942736808387794, pZ=7.6120942815860211e-34